0	0
1	65
2	171
3	143
4	237
5	275
6	271
7	447
8	361
9	386
10	425
11	453
12	473
13	486
14	519
15	622
16	600
17	611
18	607
19	691
20	673
21	703
22	775
23	801
24	827
25	808
26	862
27	882
28	966
29	961
30	1039
31	1061
32	1144
33	1092
34	1153
35	1155
36	1280
37	1206
38	1271
39	1291
40	1353
41	1450
42	1494
43	1441
44	1527
45	1578
46	1595
47	1630
48	1744
49	1895
50	1835
51	1813
52	1901
53	1993
54	1938
55	1962
56	2037
57	2096
58	2253
59	2214
60	2273
61	2381
62	2394
63	2424
64	2536
65	2550
66	2698
67	2667
68	2744
69	2786
70	2853
71	2831
72	3026
73	3040
74	3091
75	3142
76	3359
77	3280
78	3388
79	3414
80	3436
81	3550
82	3704
83	3724
84	3772
85	3856
86	3889
87	3961
88	4084
89	4107
90	4187
91	4180
92	4333
93	4281
94	4534
95	4519
96	4711
97	4587
98	4783
99	4756
100	4864
101	4912
102	5134
103	5048
104	5297
105	5195
106	5478
107	5437
108	5647
109	5569
110	5717
111	5684
112	5975
113	5907
114	6162
115	6055
116	6387
117	6288
118	6484
119	6468
120	6721
121	6693
122	6820
123	6620
124	6901
125	7052
126	7112
127	7027
128	7420
129	7391
130	7597
131	7532
132	7865
133	7926
134	8044
135	8066
136	8188
137	8252
138	8478
139	8583
140	8703
141	8746
142	9024
143	9146
144	9364
145	9140
146	9327
147	9464
148	9662
149	9726
150	9812
151	9782
152	9934
153	10121
154	10323
155	10233
156	10409
157	10503
158	10753
159	10646
160	11514
161	10990
162	11235
163	11218
164	11686
165	11607
166	11833
167	11685
168	11950
169	11978
170	12129
171	12201
172	12618
173	12551
174	12827
175	12862
176	13099
177	13022
178	13381
179	13142
180	13638
181	13526
182	13692
183	13805
184	13903
185	14015
186	14188
187	14315
188	14591
189	14499
190	14701
191	14646
192	15058
193	14930
194	15346
195	15535
196	15666
197	15529
198	15744
199	15862
200	16254
201	16301
202	16621
203	16581
204	16776
205	16718
206	21231
207	17006
208	17393
209	17209
210	17631
211	17581
212	17888
213	18027
214	19300
215	18231
216	18403
217	18781
218	18854
219	19158
220	19242
221	19240
222	19207
223	19466
224	19660
225	19605
226	20116
227	20078
228	20601
229	20713
230	20747
231	20849
232	20875
233	20836
234	21248
235	21434
236	21624
237	21735
238	21949
239	22240
240	22336
241	22564
242	22759
243	22646
244	23167
245	22987
246	23265
247	23538
248	23971
249	23876
250	24120
251	24253
252	24402
253	28694
254	24743
255	24757
256	25113
257	24984
258	25123
259	25115
260	25377
261	25422
262	26128
263	26032
264	26433
265	26717
266	26808
267	26437
268	27195
269	27177
270	28708
271	27463
272	27945
273	28435
274	28328
275	28185
276	28639
277	28425
278	28760
279	28891
280	29388
281	29308
282	29749
283	29778
284	30193
285	30328
286	30395
287	30283
288	30825
289	30663
290	31546
291	31108
292	31578
293	31522
294	32268
295	31854
296	32439
297	33494
298	32936
299	33067
300	33238
301	33284
302	33991
303	33658
304	33810
305	33665
306	34580
307	34231
308	34523
309	38638
310	35235
311	35395
312	35807
313	35662
314	36619
315	36339
316	36424
317	36413
318	36490
319	36317
320	37184
321	36685
322	37742
323	37938
324	38151
325	37972
326	38550
327	38143
328	38925
329	39000
330	39238
331	38772
332	39634
333	39330
334	40604
335	41893
336	41143
337	40873
338	41515
339	41292
340	41799
341	41488
342	41712
343	41460
344	42796
345	42349
346	43415
347	42941
348	43464
349	43299
350	43993
351	49259
352	44716
353	44816
354	45142
355	44555
356	45419
357	44710
358	45546
359	45535
360	46176
361	46054
362	46548
363	46465
364	47406
365	47100
366	48140
367	47468
368	47874
369	47495
370	48086
371	47788
372	48931
373	48622
374	53647
375	48669
376	50110
377	49495
378	50897
379	49874
380	51068
381	50762
382	51302
383	50961
384	51999
385	51401
386	52899
387	52121
388	52964
389	52178
390	53080
391	52979
392	53471
393	53310
394	54896
395	53989
396	54533
397	60581
398	55347
399	54815
400	55272
401	55132
402	57653
403	56642
404	57552
405	56727
406	57134
407	57070
408	57386
409	56955
410	58093
411	58380
412	58838
413	58241
414	59473
415	58824
416	59480
417	59555
418	61318
419	60517
420	61106
421	60626
422	61218
423	60805
424	61154
425	61445
426	62052
427	61759
428	62809
429	62685
430	64033
431	63466
432	64345
433	63334
434	63821
435	64451
436	70314
437	64651
438	65807
439	65046
440	65917
441	67227
442	66924
443	66393
444	66247
445	67205
446	67745
447	67089
448	68084
449	68444
450	69354
451	68679
452	70297
453	69501
454	70076
455	69464
456	72543
457	74917
458	71314
459	70478
460	71328
461	71316
462	71978
463	72470
464	72545
465	72391
466	73866
467	73133
468	74295
469	74644
470	75151
471	73903
472	74598
473	78914
474	76514
475	75586
476	77278
477	75179
478	76146
479	76421
480	77252
481	76315
482	77707
483	78068
484	78387
485	78566
486	85518
487	79549
488	79434
489	78730
490	80793
491	79717
492	85975
493	80116
494	80884
495	80490
496	81751
497	81631
498	82312
499	82248
500	83125
501	82975
502	83202
503	83506
504	84187
505	84088
506	85598
507	88927
508	85822
509	85408
510	86360
511	86582
512	86568
513	85691
514	87311
515	87526
516	87998
517	87901
518	88922
519	94817
520	89839
521	88993
522	89114
523	93555
524	90405
525	90267
526	91312
527	91033
528	92174
529	90512
530	92070
531	91918
532	93431
533	93632
534	93486
535	93238
536	94474
537	99482
538	95004
539	94024
540	94914
541	96217
542	96934
543	95383
544	96840
545	96673
546	98011
547	97695
548	98213
549	99502
550	99810
551	99233
552	103224
553	99011
554	100520
555	99767
556	100082
557	100542
558	101703
559	100718
560	101437
561	101203
562	102933
563	101775
564	102704
565	107694
566	104363
567	103629
568	104293
569	104768
570	104863
571	105501
572	107011
573	105644
574	107225
575	105837
576	107434
577	114585
578	108155
579	108035
580	112960
581	108332
582	109978
583	108535
584	110351
585	109413
586	111118
587	110201
588	112176
589	110166
590	111873
591	115949
592	113189
593	112816
594	113985
595	113322
596	114532
597	114026
598	115755
599	114109
600	116005
601	115444
602	116477
603	121736
604	118776
605	116670
606	117759
607	118334
608	119666
609	119481
610	119486
611	119160
612	120306
613	120215
614	121761
615	120893
616	122587
617	125760
618	121428
619	120936
620	123095
621	122364
622	125252
623	123500
624	123765
625	123797
626	125504
627	124787
628	130549
629	124527
630	126083
631	125984
632	131482
633	127887
634	128257
635	128000
636	129036
637	128556
638	130228
639	129420
640	131444
641	130263
642	132561
643	130864
644	132684
645	132321
646	134072
647	132347
648	133800
649	133495
650	135153
651	134053
652	136264
653	139617
654	136435
655	136381
656	137121
657	136207
658	138254
659	136358
660	138804
661	138160
662	139675
663	138544
664	139848
665	145399
666	140455
667	139391
668	141410
669	141091
670	142025
671	141109
672	143312
673	142151
674	143739
675	142807
676	145918
677	143988
678	150708
679	145778
680	146192
681	146333
682	146947
683	146116
684	146636
685	147705
686	147811
687	152869
688	148426
689	147250
690	149706
691	148923
692	151460
693	149915
694	151497
695	149667
696	152385
697	152191
698	158081
699	153166
700	153928
701	157893
702	153881
703	153872
704	156131
705	153827
706	157339
707	155513
708	156822
709	162421
710	158515
711	157881
712	158885
713	159581
714	159761
715	159400
716	159950
717	158958
718	161383
719	166092
720	163388
721	162030
722	170650
723	163504
724	163659
725	164687
726	165327
727	164467
728	165731
729	171714
730	168603
731	165544
732	167820
733	166568
734	168767
735	167330
736	169680
737	168708
738	170119
739	173083
740	172429
741	169898
742	171616
743	175758
744	172950
745	172216
746	173064
747	172114
748	174147
749	173344
750	181007
751	175595
752	176320
753	176072
754	177811
755	178284
756	178468
757	178133
758	184149
759	179565
760	179882
761	179113
762	181866
763	183777
764	179894
765	179827
766	181958
767	181993
768	183238
769	182107
770	185503
771	183931
772	185999
773	185185
774	186471
775	185162
776	186146
777	190457
778	188227
779	187207
780	187198
781	187171
782	190672
783	188721
784	190193
785	189675
786	190535
787	190035
788	195824
789	190035
790	192346
791	192585
792	193787
793	193086
794	194776
795	191793
796	198018
797	195001
798	196604
799	193125
800	195076
801	202024
802	197373
803	196447
804	200093
805	198172
806	198078
807	202332
808	199201
809	198492
810	203765
811	200737
812	200772
813	200312
814	205586
815	203374
816	204243
817	203929
818	205260
819	205476
820	207767
821	203675
822	206062
823	204483
824	206994
825	206074
826	207369
827	208755
828	208849
829	209931
830	211107
831	209763
832	215643
833	212845
834	211497
835	210716
836	211540
837	218282
838	213759
839	213105
840	213794
841	214793
842	215767
843	219000
844	216553
845	215392
846	217119
847	215206
848	218746
849	218279
850	223367
851	219885
852	220887
853	220211
854	226618
855	222061
856	223097
857	222006
858	224926
859	224704
860	227136
861	230080
862	226295
863	225159
864	226699
865	225593
866	226932
867	232568
868	229312
869	227468
870	228891
871	228008
872	237148
873	230299
874	231196
875	232482
876	233321
877	232693
878	238372
879	234304
880	235505
881	235649
882	237355
883	236625
884	243787
885	239770
886	240991
887	238975
888	238815
889	245488
890	240684
891	241583
892	242178
893	240220
894	247703
895	242858
896	243733
897	241895
898	244958
899	245103
900	250084
901	246440
902	245389
903	247230
904	247461
905	245388
906	249946
907	249163
908	250658
909	248060
910	250711
911	250225
912	250577
913	250430
914	251074
915	251152
916	258266
917	251838
918	252653
919	250905
920	252975
921	252618
922	256444
923	254893
924	256864
925	254808
926	263137
927	257612
928	260363
929	259172
930	260362
931	259737
932	260473
933	260082
934	262595
935	262310
936	263712
937	263796
938	269978
939	264603
940	265563
941	266837
942	267304
943	266673
944	267168
945	266897
946	269864
947	270050
948	275489
949	268673
950	270901
951	270701
952	270542
953	278077
954	271956
955	270224
956	277127
957	271730
958	273941
959	272145
960	275218
961	274009
962	276898
963	281768
964	278875
965	276863
966	278084
967	277712
968	284438
969	277895
970	278379
971	283539
972	281419
973	280166
974	280668
975	281189
976	282293
977	282110
978	291853
979	284738
980	285742
981	284110
982	285596
983	290210
984	287386
985	291804
986	289574
987	288165
988	289873
989	289382
990	291637
991	291179
992	291200
993	298280
994	295458
995	295838
996	296533
997	300165
998	295369
999	294686
