0	0
1	48
2	150
3	193
4	146
5	234
6	334
7	281
8	322
9	419
10	633
11	527
12	564
13	594
14	663
15	688
16	720
17	754
18	1021
19	1000
20	946
21	1026
22	1093
23	1045
24	1150
25	1136
26	1326
27	1239
28	1220
29	1295
30	1992
31	1383
32	1295
33	1487
34	1830
35	1733
36	1810
37	1891
38	1790
39	1845
40	1905
41	1902
42	2053
43	1976
44	2053
45	2019
46	2085
47	2066
48	2117
49	2224
50	2337
51	2341
52	2338
53	2415
54	2494
55	2499
56	2488
57	2525
58	2595
59	2671
60	3594
61	2644
62	2748
63	2813
64	2779
65	2962
66	3378
67	3299
68	3378
69	3269
70	3408
71	4524
72	3504
73	3425
74	3557
75	3854
76	3555
77	3722
78	3666
79	3618
80	3720
81	3677
82	3911
83	5266
84	3952
85	3951
86	4073
87	3983
88	4072
89	4088
90	4158
91	4181
92	4325
93	4345
94	4321
95	4357
96	4363
97	4416
98	4637
99	4614
100	4545
101	4709
102	4767
103	4695
104	4717
105	4716
106	4822
107	4706
108	4945
109	5118
110	4934
111	5225
112	5141
113	5054
114	5377
115	5358
116	5342
117	5324
118	5433
119	5438
120	5451
121	5529
122	5510
123	5491
124	5567
125	5592
126	5585
127	5633
128	5804
129	5950
130	6368
131	6360
132	6221
133	6426
134	6538
135	6431
136	6553
137	6564
138	6897
139	6627
140	6556
141	6533
142	6889
143	6927
144	6941
145	6723
146	7927
147	7142
148	7077
149	7113
150	7162
151	7105
152	7243
153	7164
154	7373
155	7384
156	7413
157	7981
158	7617
159	7516
160	7392
161	7559
162	7968
163	7629
164	7700
165	7764
166	7817
167	7822
168	8005
169	7949
170	8127
171	8153
172	8156
173	8114
174	8171
175	8209
176	8349
177	8365
178	8417
179	8393
180	8521
181	8349
182	8570
183	8479
184	8653
185	8593
186	8792
187	8860
188	8803
189	8948
190	8830
191	9033
192	8950
193	9022
194	9221
195	9294
196	10219
197	9300
198	9261
199	9471
200	10635
201	9471
202	9513
203	9579
204	9607
205	9550
206	9649
207	9692
208	9929
209	9805
210	9959
211	10887
212	11068
213	10070
214	9956
215	9937
216	10151
217	10081
218	10224
219	10404
220	10069
221	10159
222	10322
223	10328
224	10475
225	10411
226	10542
227	10835
228	10697
229	10803
230	10626
231	11510
232	10994
233	10903
234	11162
235	11228
236	10959
237	11064
238	12317
239	10970
240	11103
241	11704
242	11239
243	11419
244	11236
245	11719
246	11481
247	11502
248	11620
249	11639
250	11615
251	11854
252	11495
253	11757
254	11774
255	11871
256	11770
257	12569
258	13190
259	13179
260	12941
261	13036
262	14990
263	12677
264	14279
265	13180
266	13435
267	13398
268	13213
269	13360
270	13466
271	13341
272	13423
273	14494
274	13246
275	13516
276	13706
277	13606
278	13739
279	13786
280	13762
281	13790
282	13839
283	13724
284	13700
285	14835
286	14118
287	14076
288	14137
289	14226
290	14399
291	14440
292	14449
293	15670
294	15481
295	14449
296	14527
297	14582
298	14674
299	14573
300	15440
301	16048
302	14849
303	15707
304	14780
305	15604
306	17315
307	15272
308	15175
309	15225
310	15461
311	15207
312	15278
313	16034
314	15409
315	15430
316	15610
317	15753
318	15834
319	15881
320	15470
321	15584
322	15810
323	15853
324	15910
325	16229
326	16120
327	16052
328	15867
329	15947
330	16337
331	16437
332	16471
333	16154
334	16568
335	16471
336	16308
337	17644
338	16600
339	16436
340	16848
341	16598
342	16646
343	16735
344	16729
345	16857
346	18236
347	17452
348	17321
349	17103
350	17159
351	17322
352	17186
353	17193
354	17290
355	18058
356	17262
357	17322
358	17434
359	17645
360	20520
361	17790
362	17802
363	17788
364	17754
365	17832
366	17686
367	17829
368	17991
369	17841
370	18398
371	17846
372	18206
373	18192
374	19179
375	18258
376	18025
377	18150
378	18341
379	18359
380	18269
381	19717
382	18393
383	18366
384	18426
385	18286
386	19185
387	18896
388	18791
389	19422
390	19250
391	19287
392	19268
393	19297
394	18928
395	19086
396	19437
397	19116
398	19174
399	20465
400	19532
401	19446
402	20092
403	19576
404	19535
405	19369
406	19846
407	19827
408	19501
409	19821
410	19790
411	19787
412	21061
413	20594
414	20054
415	21171
416	20860
417	20327
418	20373
419	20659
420	20404
421	21203
422	21320
423	20583
424	21861
425	22107
426	20828
427	22608
428	20875
429	23366
430	21127
431	22095
432	21074
433	21178
434	21016
435	21611
436	22247
437	21396
438	21301
439	21267
440	21227
441	21353
442	21095
443	21259
444	23531
445	22729
446	21737
447	21525
448	21544
449	22229
450	21986
451	23031
452	22925
453	23120
454	22281
455	22423
456	22366
457	21997
458	23516
459	22650
460	22183
461	22282
462	22618
463	22444
464	22406
465	22461
466	25085
467	22569
468	24125
469	22916
470	23146
471	23102
472	22983
473	24700
474	24009
475	22822
476	22797
477	22601
478	23264
479	23360
480	24404
481	23153
482	25361
483	23367
484	23288
485	24612
486	23891
487	23940
488	24092
489	23791
490	23716
491	23990
492	23891
493	25313
494	23977
495	25014
496	24018
497	23684
498	25381
499	23930
500	24654
501	23946
502	24130
503	24150
504	24003
505	25210
506	24545
507	24285
508	26456
509	24375
510	26217
511	24825
512	25768
513	26130
514	28738
515	28656
516	26586
517	26843
518	26560
519	26512
520	26527
521	26671
522	26746
523	26251
524	26224
525	27246
526	27306
527	26684
528	26595
529	26162
530	26986
531	26990
532	27772
533	26842
534	27074
535	27294
536	27156
537	27007
538	26974
539	27271
540	27675
541	29456
542	28587
543	28782
544	28535
545	28053
546	29313
547	27906
548	28173
549	29845
550	28600
551	28385
552	28298
553	27876
554	27814
555	28272
556	28263
557	28142
558	28310
559	28863
560	28612
561	28295
562	28802
563	28788
564	29638
565	28834
566	28898
567	28813
568	28878
569	29079
570	29043
571	29358
572	29294
573	28781
574	29469
575	29036
576	29291
577	30401
578	30070
579	29736
580	30851
581	29767
582	29942
583	29835
584	29510
585	29945
586	29648
587	29592
588	29927
589	31397
590	30352
591	29939
592	30037
593	29785
594	30134
595	30744
596	30389
597	30380
598	30512
599	30586
600	31211
601	30614
602	31816
603	32175
604	31245
605	30738
606	31339
607	30394
608	30999
609	34121
610	31248
611	31082
612	31410
613	32513
614	32442
615	31403
616	31287
617	31144
618	31154
619	31578
620	31583
621	31725
622	31882
623	31942
624	32106
625	32080
626	31894
627	31920
628	32005
629	32088
630	34076
631	33555
632	34312
633	32151
634	32342
635	34427
636	33273
637	33379
638	32120
639	32395
640	32488
641	32404
642	32585
643	32535
644	32302
645	32441
646	33812
647	32811
648	32681
649	32712
650	34026
651	33038
652	33496
653	34633
654	33375
655	33360
656	33058
657	33095
658	33317
659	33182
660	32940
661	33531
662	34307
663	32793
664	33419
665	33631
666	34213
667	33562
668	33740
669	35484
670	34209
671	34073
672	35648
673	34137
674	36098
675	33789
676	34208
677	34566
678	35024
679	36545
680	34320
681	34815
682	34542
683	34318
684	34162
685	34880
686	34939
687	34143
688	34945
689	34738
690	35792
691	34575
692	34620
693	34275
694	34501
695	34648
696	35868
697	35143
698	36279
699	36063
700	35342
701	34828
702	34799
703	35104
704	37043
705	36845
706	36917
707	36894
708	36357
709	36046
710	35903
711	35681
712	36353
713	36063
714	35656
715	36653
716	36393
717	38439
718	36223
719	37582
720	38041
721	37214
722	36165
723	36431
724	37550
725	38280
726	37093
727	37068
728	38885
729	36544
730	39135
731	36553
732	36662
733	37525
734	36646
735	38239
736	38905
737	37097
738	39081
739	37213
740	37547
741	37112
742	38703
743	37345
744	38945
745	38044
746	37651
747	37556
748	37848
749	37437
750	37541
751	38117
752	37535
753	37759
754	37991
755	37904
756	38697
757	38734
758	38398
759	37985
760	39285
761	38514
762	39267
763	40355
764	39067
765	40186
766	39404
767	38825
768	38595
769	40035
770	39716
771	38934
772	40410
773	39418
774	39503
775	39540
776	39952
777	40948
778	39921
779	40740
780	39791
781	39209
782	39267
783	39809
784	39876
785	40014
786	40828
787	40742
788	39870
789	40060
790	40158
791	39835
792	39666
793	40703
794	41061
795	41801
796	39915
797	41122
798	43069
799	40532
800	40761
801	40489
802	40666
803	42123
804	40999
805	40432
806	40522
807	40332
808	42677
809	40885
810	41714
811	40982
812	40828
813	40684
814	41031
815	40922
816	41203
817	41188
818	41197
819	42601
820	41047
821	41111
822	42096
823	41105
824	41223
825	41426
826	40976
827	41346
828	42162
829	41808
830	43014
831	43073
832	41976
833	41680
834	41977
835	41790
836	41724
837	44573
838	41612
839	41823
840	43549
841	41800
842	45098
843	44198
844	43159
845	42740
846	41985
847	42312
848	43734
849	42630
850	43570
851	43137
852	42691
853	42766
854	42553
855	42592
856	43714
857	42945
858	42887
859	43282
860	43331
861	43073
862	43434
863	43041
864	43295
865	44479
866	43258
867	43704
868	43904
869	45684
870	43583
871	43938
872	45500
873	46035
874	44328
875	45197
876	43717
877	43710
878	43629
879	43891
880	46742
881	44271
882	44275
883	46203
884	43966
885	44181
886	44145
887	45291
888	44616
889	45654
890	44118
891	44477
892	44927
893	44908
894	46667
895	45707
896	44727
897	48257
898	45234
899	45481
900	45805
901	46693
902	46400
903	47442
904	47550
905	47635
906	46185
907	45541
908	46804
909	48065
910	46118
911	46930
912	46169
913	46117
914	45944
915	47488
916	47891
917	46139
918	47124
919	45987
920	46242
921	47861
922	46454
923	46142
924	46552
925	47473
926	47055
927	46983
928	46833
929	47015
930	48156
931	47056
932	48806
933	49171
934	48807
935	46303
936	47022
937	47518
938	46726
939	47789
940	47822
941	46959
942	47491
943	47423
944	47301
945	47103
946	48193
947	48565
948	47581
949	50406
950	49001
951	48211
952	47847
953	47405
954	48904
955	48269
956	49740
957	48068
958	49760
959	48152
960	48661
961	47956
962	50597
963	48888
964	48731
965	51225
966	49681
967	48426
968	48849
969	49596
970	50099
971	49693
972	48790
973	48720
974	49021
975	50134
976	49487
977	50173
978	50143
979	51859
980	50936
981	53208
982	50649
983	50935
984	50948
985	51767
986	49914
987	49574
988	52307
989	49627
990	50072
991	50939
992	49746
993	49344
994	50644
995	49477
996	50762
997	49975
998	51400
999	50105
